0.0	0.00	0.01	0.02	0.03	0.04	0.05	0.06	0.07	0.08	0.09
0.1	0.5000 	0.4960 	0.4920 	0.4880 	0.4840 	0.4801 	0.4761 	0.4721 	0.4681 	0.4641 
0.2	0.4602 	0.4562 	0.4522 	0.4483 	0.4443 	0.4404 	0.4364 	0.4325 	0.4286 	0.4247 
0.3	0.4207 	0.4168 	0.4129 	0.4090 	0.4052 	0.4013 	0.3974 	0.3936 	0.3897 	0.3859 
0.4	0.3821 	0.3783 	0.3745 	0.3707 	0.3669 	0.3632 	0.3594 	0.3557 	0.3520 	0.3483 
0.5	0.3446 	0.3409 	0.3372 	0.3336 	0.3300 	0.3264 	0.3228 	0.3192 	0.3156 	0.3121 
0.6	0.3085 	0.3050 	0.3015 	0.2981 	0.2946 	0.2912 	0.2877 	0.2843 	0.2810 	0.2776 
0.7	0.2743 	0.2709 	0.2676 	0.2643 	0.2611 	0.2578 	0.2546 	0.2514 	0.2483 	0.2451 
0.8	0.2420 	0.2389 	0.2358 	0.2327 	0.2296 	0.2266 	0.2236 	0.2206 	0.2177 	0.2148 
0.9	0.2119 	0.2090 	0.2061 	0.2033 	0.2005 	0.1977 	0.1949 	0.1922 	0.1894 	0.1867 
1.0	0.1841 	0.1814 	0.1788 	0.1762 	0.1736 	0.1711 	0.1685 	0.1660 	0.1635 	0.1611 
1.1	0.1587 	0.1562 	0.1539 	0.1515 	0.1492 	0.1469 	0.1446 	0.1423 	0.1401 	0.1379 
1.2	0.1357 	0.1335 	0.1314 	0.1292 	0.1271 	0.1251 	0.1230 	0.1210 	0.1190 	0.1170 
1.3	0.1151 	0.1131 	0.1112 	0.1093 	0.1075 	0.1056 	0.1038 	0.1020 	0.1003 	0.0985 
1.4	0.0968 	0.0951 	0.0934 	0.0918 	0.0901 	0.0885 	0.0869 	0.0853 	0.0838 	0.0823 
1.5	0.0808 	0.0793 	0.0778 	0.0764 	0.0749 	0.0735 	0.0721 	0.0708 	0.0694 	0.0681 
1.6	0.0668 	0.0655 	0.0643 	0.0630 	0.0618 	0.0606 	0.0594 	0.0582 	0.0571 	0.0559 
1.7	0.0548 	0.0537 	0.0526 	0.0516 	0.0505 	0.0495 	0.0485 	0.0475 	0.0465 	0.0455 
1.8	0.0446 	0.0436 	0.0427 	0.0418 	0.0409 	0.0401 	0.0392 	0.0384 	0.0375 	0.0367 
1.9	0.0359 	0.0351 	0.0344 	0.0336 	0.0329 	0.0322 	0.0314 	0.0307 	0.0301 	0.0294 
2.0	0.0287 	0.0281 	0.0274 	0.0268 	0.0262 	0.0256 	0.0250 	0.0244 	0.0239 	0.0233 
2.1	0.0228 	0.0222 	0.0217 	0.0212 	0.0207 	0.0202 	0.0197 	0.0192 	0.0188 	0.0183 
2.2	0.0179 	0.0174 	0.0170 	0.0166 	0.0162 	0.0158 	0.0154 	0.0150 	0.0146 	0.0143 
2.3	0.0139 	0.0136 	0.0132 	0.0129 	0.0125 	0.0122 	0.0119 	0.0116 	0.0113 	0.0110 
2.4	0.0107 	0.0104 	0.0102 	0.0099 	0.0096 	0.0094 	0.0091 	0.0089 	0.0087 	0.0084 
2.5	0.0082 	0.0080 	0.0078 	0.0075 	0.0073 	0.0071 	0.0069 	0.0068 	0.0066 	0.0064 
2.6	0.0062 	0.0060 	0.0059 	0.0057 	0.0055 	0.0054 	0.0052 	0.0051 	0.0049 	0.0048 
2.7	0.0047 	0.0045 	0.0044 	0.0043 	0.0041 	0.0040 	0.0039 	0.0038 	0.0037 	0.0036 
2.8	 3.47E-03	3.36E-03	3.26E-03	3.17E-03	3.07E-03	2.98E-03	2.89E-03	2.80E-03	2.72E-03	2.64E-03
2.9	 2.56E-03	2.48E-03	2.40E-03	2.33E-03	2.26E-03	2.19E-03	2.12E-03	2.05E-03	1.99E-03	1.93E-03
3.0	 1.87E-03	1.81E-03	1.75E-03	1.69E-03	1.64E-03	1.59E-03	1.54E-03	1.49E-03	1.44E-03	1.39E-03
3.1	 1.35E-03	1.31E-03	1.26E-03	1.22E-03	1.18E-03	1.14E-03	1.11E-03	1.07E-03	1.04E-03	1.00E-03
3.2	 9.68E-04	9.35E-04	9.04E-04	8.74E-04	8.45E-04	8.16E-04	7.89E-04	7.62E-04	7.36E-04	7.11E-04
3.3	 6.87E-04	6.64E-04	6.41E-04	6.19E-04	5.98E-04	5.77E-04	5.57E-04	5.38E-04	5.19E-04	5.01E-04
3.4	 4.83E-04	4.66E-04	4.50E-04	4.34E-04	4.19E-04	4.04E-04	3.90E-04	3.76E-04	3.62E-04	3.49E-04
3.5  3.37E-04	3.25E-04	3.13E-04	3.02E-04	2.91E-04	2.80E-04	2.70E-04	2.60E-04	2.51E-04	2.42E-04
3.6	 2.33E-04	2.24E-04	2.16E-04	2.08E-04	2.00E-04	1.93E-04	1.85E-04	1.78E-04	1.72E-04	1.65E-04
3.7	 1.59E-04	1.53E-04	1.47E-04	1.42E-04	1.36E-04	1.31E-04	1.26E-04	1.21E-04	1.17E-04	1.12E-04
3.8	 1.08E-04	1.04E-04	9.96E-05	9.57E-05	9.20E-05	8.84E-05	8.50E-05	8.16E-05	7.84E-05	7.53E-05
3.9	 7.23E-05	6.95E-05	6.67E-05	6.41E-05	6.15E-05	5.91E-05	5.67E-05	5.44E-05	5.22E-05	5.01E-05
4.0	 4.81E-05	4.61E-05	4.43E-05	4.25E-05	4.07E-05	3.91E-05	3.75E-05	3.59E-05	3.45E-05	3.30E-05
4.1	 3.17E-05	3.04E-05	2.91E-05	2.79E-05	2.67E-05	2.56E-05	2.45E-05	2.35E-05	2.25E-05	2.16E-05
4.2	 2.07E-05	1.98E-05	1.89E-05	1.81E-05	1.74E-05	1.66E-05	1.59E-05	1.52E-05	1.46E-05	1.39E-05
4.3	 1.33E-05	1.28E-05	1.22E-05	1.17E-05	1.12E-05	1.07E-05	1.02E-05	9.77E-06	9.34E-06	8.93E-06
4.4	 8.54E-06	8.16E-06	7.80E-06	7.46E-06	7.12E-06	6.81E-06	6.50E-06	6.21E-06	5.93E-06	5.67E-06
4.5	 5.41E-06	5.17E-06	4.94E-06	4.71E-06	4.50E-06	4.29E-06	4.10E-06	3.91E-06	3.73E-06	3.56E-06
4.6	 3.40E-06	3.24E-06	3.09E-06	2.95E-06	2.81E-06	2.68E-06	2.56E-06	2.44E-06	2.32E-06	2.22E-06
4.7	 2.11E-06	2.01E-06	1.92E-06	1.83E-06	1.74E-06	1.66E-06	1.58E-06	1.51E-06	1.43E-06	1.37E-06
4.8	 1.30E-06	1.24E-06	1.18E-06	1.12E-06	1.07E-06	1.02E-06	9.68E-07	9.21E-07	8.76E-07	8.34E-07
4.9	 7.93E-07	7.55E-07	7.18E-07	6.83E-07	6.49E-07	6.17E-07	5.87E-07	5.58E-07	5.30E-07	5.04E-07
										
										
										
										
										
										
										
										
										
										
										
										
										
										
										
										
										
										
										
										
										
										
										
										
										
										
										
										
										
										
										
										
										
										
										
										
										
										
										
										
										
										
										
										
										
										
										
										
										
										
										
										
										
										
										
										
										
										
										
										
										
										
										
										
										
